382
63
893
783
339
654
709
967
227
795
383
707
785
304
658
987
363
548
552
970
581
138
860
469
71
604
43
564
88
991
841
658
968
303
781
689
344
357
897
524
497
186
692
663
717
572
27
242
129
989
909
538
860
479
386
552
666
516
527
173
122
716
602
881
368
409
875
888
270
975
868
720
840
292
161
593
421
20
342
812
636
10
370
73
600
536
579
846
154
57
778
271
877
592
118
155
862
730
376
151
381
960
899
797
956
411
691
770
69
292
773
865
402
196
841
396
310
496
443
736
111
20
98
992
136
267
5
878
37
120
86
997
321
579
46
11
490
197
668
871
837
457
69
982
84
110
344
891
632
926
170
282
319
13
87
350
572
148
321
761
51
30
767
162
340
583
117
451
593
823
479
78
1
708
934
872
73
998
964
127
52
811
908
561
85
908
145
811
271
442
780
524
67
514
434
611
844
423
644
896
574
943
426
436
726
716
960
968
942
216
468
359
699
535
958
936
358
728
968
339
679
742
789
131
278
563
702
154
107
816
680
464
827
978
149
804
225
389
12
800
721
797
581
839
447
856
617
350
412
410
378
174
263
719
340
322
479
738
565
615
32
532
240
68
143
280
86
476
635
33
935
611
813
9
167
457
820
24
343
680
453
553
917
833
587
507
489
12
907
871
550
447
497
75
608
415
927
387
445
926
28
891
494
595
816
428
579
276
138
67
587
897
564
392
60
169
822
520
290
427
474
490
966
247
165
818
713
786
250
275
428
636
117
631
129
353
333
266
359
25
667
228
712
399
153
311
229
455
335
814
674
60
355
700
860
835
174
627
972
610
922
208
182
138
263
756
364
170
114
946
915
837
172
577
990
762
675
966
740
933
453
120
771
605
83
865
528
534
729
721
19
213
178
475
651
391
979
698
881
149
92
782
690
213
210
465
839
590
678
839
643
657
602
609
340
560
521
861
491
576
81
158
635
688
3
981
417
810
920
279
262
479
201
885
905
640
110
2
862
27
234
175
635
60
475
161
838
148
791
807
235
189
856
1
332
926
689
116
472
739
299
867
543
548
253
378
553
339
830
387
89
450
903
775
425
800
406
234
9
981
352
797
874
968
474
692
403
30
247
753
150
495
894
734
447
702
338
721
187
803
342
812
554
37
928
409
487
173
673
760
910
790
226
506
713
355
753
394
489
505
697
895
470
210
284
885
293
696
334
469
965
653
366
648
285
669
28
992
900
654
887
689
889
888
318
924
858
387
451
912
375
833
225
400
887
911
933
249
485
373
830
817
978
237
315
35
794
894
831
916
863
998
930
698
186
965
955
383
384
841
963
912
28
135
455
30
358
943
59
3
850
503
334
289
880
399
826
162
246
434
912
476
377
703
962
118
680
266
621
300
403
997
420
807
75
937
446
785
372
321
476
453
311
899
697
654
44
18
722
718
966
936
524
139
426
929
673
726
44
724
174
984
545
528
24
303
252
950
269
161
23
348
298
373
984
631
407
650
672
326
878
299
712
723
280
978
881
864
772
596
198
411
464
451
384
16
736
376
320
169
300
451
620
932
939
846
430
970
129
120
845
844
682
919
803
890
481
740
41
818
314
433
815
317
530
496
271
846
718
692
880
90
403
830
559
344
649
149
937
183
866
412
574
182
69
666
952
967
857
179
513
810
110
757
566
990
842
807
869
76
159
910
89
405
117
800
365
590
674
247
50
532
965
169
419
483
833
10
556
12
30
782
863
700
903
521
703
777
35
573
654
129
750
391
360
467
765
860
170
321
128
704
14
916
301
454
171
762
373
457
531
550
54
467
120
891
789
712
114
17
60
590
753
34
534
685
760
825
179
119
389
862
168
202
43
272
646
190
761
72
326
444
459
464
427
795
386
886
930
173
160
867
725
764
431
271
986
603
754
749
243
532
647
372
126
388
561
171
684
63
449
77
680
109
807
40
93
964
427
18
744
824
373
998
745
559
875
843
787
806
663
364
119
35
466
965
779
346
892
433
771
210
560
641
634
819
54
419
638
902
541
816
798
49
138
311
249
365
610
721
719
726
608
71
796
15
591
370
774
452
902
505
668
572
545
781
195
781
241
216
32
799
453
409
366
542
247
199
105
101
943
195
380
213
517
372
307
390
752
736
637
969
447
548
975
897
471
461
553
641
9
606
731
802
21
193
177
113
594
560
12
887
557
555
687
868
263
221
631
612
433
278
106
18
258
702
194
715
441
968
220
100
186
153
503
749
206
475
679
1
838
560
560
143
509
130
659
279
786
409
150
771
266
73
86
209
664
437
926
933
391
856
470
738
661
718
696
609
491
792
411
520
404
502
644
34
786
304
895
627
268
117
324
105
72
241
611
370
130
253
389
849
61
412
676
289
219
271
185
850
234
949
38
959
98
222
636
141
127
499
947
690
683
351
566
932
609
842
565
589
394
494
464
908
364
289
972
736
51
350
905
823
280
420
720
2
372
184
333
384
835
459
721
645
141
551
555
446
373
694
346
674
923
311
844
12
63
327
827
54
562
999
444
283
464
213
584
386
675
575
818
601
664
657
389
262
784
40
298
599
860
946
921
373
208
375
776
84
143
183
550
279
346
286
308
75
110
301
325
245
960
560
852
726
156
767
338
783
22
213
242
778
677
207
568
640
464
531
797
461
645
687
61
571
56
818
591
366
96
168
470
538
580
219
323
734
179
750
88
657
955
531
997
322
600
892
622
234
76
96
616
608
418
531
723
699
706
206
697
399
615
236
399
510
58
695
401
79
182
440
197
316
592
246
983
355
718
158
405
175
652
219
175
26
13
182
934
959
367
610
891
14
199
916
696
810
295
835
590
764
797
841
464
281
706
590
227
774
8
500
992
976
430
427
712
815
73
928
570
88
412
240
565
158
195
116
387
523
821
820
691
562
338
284
407
525
998
957
954
592
20
760
434
902
464
409
726
907
673
343
314
809
519
805
64
105
637
490
60
52
749
391
901
726
635
329
816
974
940
940
49
194
57
533
699
344
805
846
938
14
291
492
82
169
781
178
399
301
346
493
568
141
309
493
371
630
266
757
884
14
137
253
116
480
159
43
857
522
846
844
720
744
384
864
951
346
213
335
98
583
341
762
704
64
39
721
423
729
24
924
1000
70
719
997
809
618
576
331
73
731
380
729
405
270
557
85
888
946
701
245
501
63
198
548
440
482
760
408
336
352
305
545
613
938
858
754
56
854
228
595
425
320
341
543
873
442
968
348
809
116
124
664
530
291
138
103
736
883
430
981
420
621
350
450
726
44
711
547
918
431
683
421
28
8
990
864
758
143
645
599
605
965
3
324
236
229
452
779
385
239
319
380
151
760
423
447
12
61
961
185
184
740
910
142
548
380
675
721
904
100
695
629
27
531
719
359
108
584
332
221
272
698
834
722
98
100
173
278
541
294
233
591
91
674
301
76
966
452
312
939
136
830
370
771
657
315
204
955
508
722
293
185
927
957
846
44
169
228
883
671
45
229
985
101
444
912
565
539
248
879
137
643
565
684
22
87
102
714
607
546
318
646
672
397
584
617
650
926
443
781
995
442
706
808
225
706
167
971
884
53
853
504
52
107
544
883
470
870
627
264
505
386
135
716
462
948
188
751
632
118
16
332
362
420
325
558
568
184
545
284
747
162
829
388
616
947
923
47
953
560
459
377
829
28
835
987
380
566
145
563
32
345
807
265
951
61
190
587
476
654
458
457
98
682
318
872
727
333
533
718
881
530
1
544
128
768
404
170
99
909
121
102
742
902
861
569
594
735
517
117
12
900
367
214
540
239
503
111
273
744
199
169
658
546
398
919
90
649
797
175
797
890
811
390
379
990
943
775
761
595
704
588
756
579
231
715
732
828
706
771
708
705
709
805
362
771
563
330
572
566
63
196
91
354
71
549
765
325
822
324
301
872
456
255
609
241
926
575
938
202
253
468
114
430
253
107
647
341
755
223
652
299
575
614
2
67
912
303
333
788
580
741
967
478
959
651
333
971
669
602
987
198
465
686
537
231
657
593
967
70
416
187
571
725
968
799
623
74
165
937
5
322
125
562
389
636
187
111
713
922
623
684
244
175
182
673
560
891
200
731
288
520
389
283
747
512
99
600
337
209
28
515
225
554
806
289
690
301
381
297
253
54
187
126
234
321
828
707
48
849
610
496
127
914
998
794
870
354
2
244
80
872
619
588
767
385
956
886
380
144
514
483
442
55
94
846
287
69
227
401
466
703
463
98
36
500
921
255
702
176
967
422
690
57
574
350
935
138
228
836
322
896
177
452
770
219
795
549
160
229
480
885
655
432
180
860
442
456
428
572
337
108
827
622
985
21
715
707
221
792
3
234
54
935
236
904
393
32
895
307
439
394
698
974
210
782
609
758
206
896
998
595
456
20
160
667
983
47
514
30
338
660
110
543
80
1000
414
314
142
1
260
234
412
736
162
370
503
256
884
109
122
330
763
981
520
600
529
276
753
425
418
247
241
993
794
483
418
74
546
715
777
408
16
72
582
849
88
95
915
426
417
592
646
924
177
480
41
352
747
328
599
192
490
781
668
96
614
39
378
129
455
4
53
786
80
451
199
620
528
988
970
52
541
541
101
658
562
538
540
378
174
443
807
131
149
831
38
311
910
85
149
129
410
83
510
541
182
169
91
958
636
21
73
858
32
271
274
745
910
497
855
587
306
998
727
449
861
597
66
276
933
320
288
263
644
45
433
764
555
624
990
108
501
248
913
197
798
391
369
683
715
880
222
404
397
670
331
456
11
832
25
944
779
468
333
750
618
868
755
890
556
234
687
669
664
38
970
935
356
232
972
108
234
327
739
179
752
931
178
908
414
522
386
355
913
516
356
732
243
289
782
933
61
891
621
798
723
395
238
61
515
44
342
183
88
595
736
812
89
421
120
690
535
515
880
474
131
44
121
967
50
464
212
60
448
841
597
495
420
141
675
142
299
66
757
659
5
968
667
58
569
854
837
924
813
805
106
83
255
200
490
836
591
24
214
69
638
389
813
496
731
636
183
257
970
988
288
429
248
878
523
532
943
20
322
491
336
260
86
745
556
675
738
349
880
612
19
840
87
799
481
579
595
696
898
226
170
559
641
445
240
827
280
959
189
8
569
899
527
998
201
731
633
470
549
846
94
135
792
541
57
845
741
952
644
642
796
931
98
17
631
249
714
778
878
238
417
340
219
754
237
57
16
202
729
813
45
120
659
259
464
128
694
215
900
330
850
29
861
277
279
838
9
981
451
348
230
804
697
978
187
330
647
823
381
330
273
640
756
786
573
421
330
747
994
255
184
844
87
593
737
231
833
531
158
582
581
153
591
122
183
347
70
435
561
875
300
593
923
892
511
333
371
433
362
757
865
570
515
686
252
840
486
935
246
54
479
928
395
620
500
588
670
953
877
8
613
685
737
103
442
533
457
563
340
675
761
389
48
832
414
550
348
890
762
112
304
746
114
183
263
939
979
662
658
827
416
25
269
762
717
417
496
123
780
700
64
955
129
563
923
633
469
74
650
780
665
624
908
598
434
813
184
883
794
615
712
960
598
838
501
482
455
731
357
960
268
768
753
489
571
114
393
330
503
235
898
338
342
100
68
315
628
766
419
328
715
636
696
215
658
981
7
296
144
8
871
705
75
930
337
305
666
47
990
796
158
943
444
763
688
878
469
963
891
416
711
274
690
419
787
119
208
956
969
713
777
482
122
539
924
185
940
317
162
713
268
244
703
949
137
284
719
122
408
56
333
492
637
220
296
553
404
669
426
206
688
557
5
259
636
962
162
878
12
68
287
205
70
851
728
382
88
310
315
738
896
814
352
972
644
153
647
536
58
662
311
325
462
21
205
999
572
808
491
623
431
673
625
814
32
467
623
618
811
840
644
248
403
534
35
962
818
366
520
123
636
719
710
128
858
8
650
265
740
353
493
469
95
461
574
951
552
592
180
840
949
311
580
184
338
790
351
922
341
76
503
419
835
781
39
215
924
212
998
135
301
196
278
211
879
483
634
635
587
107
971
126
39
742
661
378
895
178
576
60
311
702
168
361
913
399
799
872
515
32
956
330
772
259
935
699
470
175
133
63
254
291
358
315
58
572
219
207
484
580
828
80
294
332
853
511
163
791
167
509
222
906
959
202
723
43
905
100
593
297
809
272
361
900
768
181
232
628
721
1000
700
609
880
356
972
428
87
313
816
43
563
111
123
929
87
12
467
561
406
526
273
903
532
461
424
235
283
225
6
839
491
425
202
306
770
997
669
894
454
601
86
10
277
486
253
926
163
923
244
252
870
39
399
722
559
14
822
816
526
531
697
390
615
113
22
951
103
705
228
160
13
738
932
181
251
754
789
514
217
91
71
748
962
503
905
245
134
742
903
137
795
533
528
958
197
898
805
907
908
470
312
64
342
600
420
127
526
247
137
472
352
520
829
295
187
99
751
18
83
236
610
881
931
986
832
890
158
48
312
726
379
142
691
744
75
939
333
495
195
460
281
82
295
42
36
302
792
912
566
776
729
654
178
225
442
517
466
779
107
565
474
459
111
153
461
154
301
122
385
359
859
163
616
623
231
138
36
952
508
230
26
644
593
230
394
275
96
585
130
1000
781
350
331
103
145
96
976
865
242
769
359
313
677
264
991
692
913
289
174
624
726
209
681
425
455
700
365
311
763
117
773
759
50
71
44
466
256
729
162
521
603
471
602
697
30
157
220
951
4
475
415
532
525
997
161
428
301
907
133
551
450
695
24
378
219
379
968
427
459
846
848
860
485
833
895
363
700
798
173
202
82
98
320
680
527
741
46
736
241
998
135
101
104
248
781
250
729
938
551
165
921
477
616
264
838
271
549
781
634
366
148
108
178
47
316
76
237
495
401
144
301
663
52
31
386
142
805
137
416
778
698
146
962
945
800
838
790
121
132
134
319
829
468
933
485
839
584
587
972
614
436
495
67
403
28
949
770
615
387
675
121
349
698
651
540
474
295
640
357
598
585
683
753
589
678
236
611
651
367
166
150
513
363
26
529
450
747
3
432
495
670
134
15
706
237
281
481
609
459
601
999
132
395
897
560
182
207
993
946
609
755
743
259
73
972
550
462
463
918
136
123
35
806
774
125
690
670
862
423
244
242
237
78
225
108
404
337
742
36
19
841
296
729
223
510
352
542
938
879
604
947
133
671
925
814
521
303
179
927
236
526
602
745
55
948
908
334
909
736
639
309
459
318
423
495
27
1000
209
553
375
121
871
462
126
539
962
898
17
504
657
138
807
420
97
851
874
709
929
839
229
346
305
22
711
513
533
43
863
409
36
216
97
940
671
435
117
610
778
116
56
494
234
202
244
138
235
388
585
871
220
480
227
673
115
31
855
55
933
138
670
132
198
506
796
409
978
817
396
875
660
896
459
578
542
397
593
491
830
36
217
203
593
65
90
646
851
587
62
826
508
617
729
278
758
575
438
288
958
805
813
614
772
369
77
382
170
21
378
372
605
218
976
208
992
485
877
955
471
894
167
339
50
302
696
816
375
177
442
440
691
842
913
276
584
872
759
26
209
152
208
63
55
79
652
381
443
952
54
676
447
394
28
925
861
675
849
284
917
320
738
30
62
46
340
995
2
202
232
66
884
330
510
593
454
708
159
638
977
294
766
291
679
138
453
956
417
885
911
648
921
892
48
410
276
748
348
525
389
425
42
469
567
546
653
997
547
708
594
273
110
197
517
241
434
590
790
215
954
471
322
443
416
301
58
766
672
232
99
259
889
981
355
565
902
134
328
672
790
477
309
356
38
644
64
89
355
952
782
444
67
856
470
433
583
475
852
241
210
717
430
810
342
700
964
743
267
249
936
680
683
241
813
604
512
812
885
293
893
412
317
301
570
896
606
825
549
173
563
768
530
731
411
266
513
971
228
490
826
476
465
286
417
453
865
111
114
222
330
370
79
691
979
303
596
813
17
54
42
198
941
547
525
356
692
420
219
457
543
61
209
831
846
12
761
117
244
542
632
712
783
970
912
550
799
671
783
177
977
684
206
552
643
809
351
823
796
659
970
54
128
451
820
375
304
264
952
229
947
420
418
629
282
899
74
134
857
793
305
358
108
28
267
565
392
808
379
672
313
318
745
700
920
56
982
666
196
862
952
769
721
135
181
621
566
258
691
501
553
579
697
147
105
778
796
178
42
610
641
389
343
767
113
102
197
518
859
562
690
354
74
704
288
884
163
814
591
754
325
136
418
601
86
468
99
574
890
655
240
17
24
464
911
121
330
971
288
604
502
209
31
992
287
109
317
11
870
430
121
489
862
865
419
847
964
455
869
381
586
943
569
578
598
544
226
725
761
403
527
403
172
663
918
297
56
208
720
20
526
328
483
690
30
431
962
823
364
921
157
883
691
240
779
750
520
290
581
696
871
873
207
15
757
626
581
423
809
474
596
327
148
704
780
58
225
83
689
777
782
13
724
953
725
569
976
362
489
636
550
321
652
890
970
862
605
433
975
746
536
618
261
488
525
603
822
598
925
631
600
241
137
635
77
892
187
435
280
538
299
966
500
176
810
175
815
319
670
719
966
906
678
589
972
682
906
240
570
961
889
705
452
786
417
279
506
263
896
157
495
778
75
522
6
1
734
401
806
155
340
994
428
648
390
885
346
102
216
740
832
736
45
211
80
161
959
500
891
807
588
506
893
160
331
529
826
646
142
373
613
760
510
555
705
535
214
136
786
703
384
406
148
757
898
552
529
891
882
384
9
223
539
824
297
74
650
984
896
197
441
285
504
593
449
985
328
364
296
301
151
153
812
35
165
977
950
352
81
27
140
450
502
227
159
104
898
611
205
521
181
785
866
966
611
820
640
902
563
749
143
348
218
561
117
4
232
159
602
531
580
676
707
739
285
540
275
405
607
119
407
612
759
498
561
931
348
131
826
316
295
235
323
13
468
256
288
391
868
508
601
879
536
394
856
11
611
98
389
767
183
96
382
210
716
766
433
162
131
801
293
209
534
496
822
457
773
747
517
282
539
535
505
501
589
733
911
210
302
343
211
149
682
529
293
745
646
530
761
272
283
760
237
73
244
951
156
504
822
203
541
843
278
726
85
295
20
424
835
583
899
60
642
858
802
534
723
724
98
28
110
579
398
562
494
520
39
1000
920
758
589
335
575
770
344
312
853
265
593
159
593
616
401
649
169
865
280
512
916
884
257
978
171
538
653
231
203
727
453
219
252
78
829
207
821
957
141
639
592
599
291
191
999
329
11
263
542
683
952
304
533
860
28
509
842
716
890
587
940
408
225
443
993
108
357
227
129
115
876
441
844
59
155
889
217
177
507
146
941
16
917
601
633
657
109
438
81
153
848
101
296
111
168
443
531
690
477
832
190
811
805
665
307
527
65
667
795
581
231
923
103
320
22
95
521
636
567
899
478
702
125
671
404
24
479
778
110
332
933
8
729
482
176
409
845
692
930
647
747
792
193
468
662
436
743
461
14
740
396
714
179
341
926
69
279
39
309
491
950
81
137
358
222
479
142
429
961
25
762
154
661
649
928
512
157
778
311
104
361
8
875
830
283
545
566
207
134
246
714
378
467
630
659
605
304
693
564
419
291
477
459
714
681
499
174
613
186
753
195
554
972
957
444
890
297
339
640
93
34
249
687
103
365
747
57
607
932
3
842
935
729
482
77
26
491
264
50
448
523
510
732
570
928
738
125
42
544
328
690
694
399
672
945
245
594
837
259
911
93
76
912
216
715
15
75
184
237
224
399
808
109
597
669
599
37
311
980
271
917
841
235
221
303
438
176
920
208
132
735
145
216
560
655
572
808
908
73
198
654
273
795
671
393
282
571
300
168
744
67
965
522
161
337
346
238
921
75
642
705
38
52
910
840
880
439
749
626
30
826
289
124
451
960
809
293
537
114
625
543
16
535
315
383
293
981
862
640
362
170
611
76
594
482
875
575
630
406
27
86
800
771
39
160
600
562
334
924
516
270
374
64
806
67
8
755
924
712
133
245
78
458
178
805
676
900
441
804
251
542
464
343
215
90
133
133
989
739
631
488
582
785
439
654
529
514
185
311
379
40
47
341
927
881
185
447
478
176
14
555
160
902
966
113
368
983
24
992
31
148
337
495
418
894
488
645
663
893
914
168
741
398
890
466
785
350
218
159
168
537
64
858
782
946
312
293
309
250
921
230
892
629
929
957
433
190
299
370
184
675
641
197
129
444
226
142
527
543
675
484
918
372
3
584
450
587
314
433
31
688
131
568
234
897
13
94
271
561
331
12
160
120
702
267
850
523
284
898
884
312
795
105
515
933
657
411
996
641
337
120
686
113
961
684
90
870
534
35
443
579
593
217
552
986
621
485
980
843
175
440
428
430
189
929
692
559
406
40
385
31
405
122
581
761
597
279
162
790
330
705
18
507
781
687
933
746
593
932
218
184
692
529
798
145
926
819
865
613
801
989
433
16
163
599
97
126
570
542
858
200
101
331
257
746
967
675
111
140
471
739
417
951
960
429
697
528
952
296
356
118
142
56
915
645
10
149
698
856
468
721
174
225
497
979
771
478
429
352
512
222
188
672
787
579
616
196
362
645
520
663
408
99
953
129
486
56
139
665
996
829
756
186
118
577
888
935
443
550
945
610
704
509
830
925
167
125
225
103
464
55
596
177
188
218
345
485
764
515
739
891
963
450
659
308
456
679
437
449
731
505
413
954
327
790
439
139
456
290
473
632
575
943
416
276
302
738
171
147
753
207
177
697
447
923
970
393
951
923
423
119
168
881
800
24
78
178
548
257
473
878
858
890
298
581
133
91
807
220
490
219
28
655
857
483
316
379
904
981
744
291
496
319
263
91
988
268
129
672
370
243
871
676
145
605
344
306
311
445
151
733
43
884
652
779
520
487
957
81
910
835
984
7
125
737
855
922
628
179
202
244
307
271
481
409
834
67
514
551
372
341
851
434
940
942
385
71
776
733
316
449
839
463
243
409
388
806
353
799
341
939
78
705
343
997
452
47
898
620
189
224
67
895
813
344
230
377
609
924
676
347
368
66
876
731
227
875
787
639
972
841
15
551
567
453
982
999
885
451
431
964
642
247
216
721
799
409
967
644
815
572
718
604
898
65
840
883
517
902
526
408
464
246
595
407
361
97
741
655
636
129
381
81
318
952
773
772
771
168
901
812
728
522
318
308
901
23
199
378
214
564
318
59
495
819
502
955
867
828
826
458
784
885
957
158
67
81
411
775
402
134
820
98
875
671
63
587
186
154
563
830
749
312
530
403
663
203
601
312
247
569
11
101
759
295
331
273
359
515
200
634
631
311
925
87
330
897
815
800
245
333
815
285
948
992
507
695
539
342
761
432
464
375
255
853
743
120
568
460
251
826
300
243
663
374
339
615
815
83
746
814
595
613
670
104
636
721
813
501
959
321
874
160
415
733
402
713
710
842
19
134
831
678
11
282
957
682
912
790
808
968
35
553
333
268
89
616
955
199
290
822
185
880
581
126
502
720
604
188
280
938
520
177
724
801
447
478
826
149
28
92
701
412
861
649
116
643
702
742
582
804
628
317
686
243
242
248
656
33
352
573
214
784
702
625
838
795
678
336
87
28
245
385
827
254
611
512
558
677
385
854
442
182
998
175
702
798
810
525
308
213
185
865
545
238
348
106
628
47
758
258
411
405
868
951
965
926
521
45
282
27
915
975
399
647
259
869
389
625
784
754
863
748
563
185
642
756
660
473
787
747
769
12
969
620
45
576
238
912
607
507
39
601
839
324
621
865
297
815
370
413
794
149
641
454
804
115
130
570
310
527
10
173
48
875
680
942
239
330
698
471
899
329
192
354
176
103
103
53
591
903
197
340
820
808
981
593
287
782
318
474
252
758
655
411
538
896
354
211
288
759
21
286
904
806
255
750
454
667
646
617
790
816
879
227
829
234
475
897
256
563
668
433
700
273
690
855
100
166
289
71
707
286
192
160
957
299
454
36
819
563
580
787
469
324
16
611
134
330
381
26
12
330
740
748
468
912
813
75
885
25
122
258
782
610
315
381
652
53
71
266
910
905
8
661
721
586
97
917
55
34
326
816
399
869
799
493
894
156
567
785
240
486
410
252
489
149
182
953
15
289
751
260
11
588
588
594
945
253
588
241
905
281
284
992
438
884
746
591
649
699
85
747
953
225
524
592
959
758
722
868
807
104
925
135
955
343
447
23
474
53
500
702
743
77
733
888
174
80
494
337
210
926
533
25
867
773
609
907
259
160
623
686
483
769
373
991
429
53
271
493
306
232
380
539
497
561
807
791
825
187
600
950
962
343
254
483
440
163
708
749
796
837
432
59
933
153
604
812
560
859
312
928
480
259
542
649
714
539
667
600
874
597
64
991
628
316
990
529
334
768
75
413
826
35
886
233
449
318
667
554
895
183
360
653
425
474
167
848
148
451
406
67
52
808
326
581
804
652
986
169
823
940
330
446
988
560
717
956
87
796
852
819
413
653
322
128
180
338
209
607
165
981
159
475
415
254
91
328
933
488
21
100
16
131
53
131
855
875
76
233
658
666
940
665
636
662
166
926
616
957
510
931
711
929
541
147
347
47
852
983
462
493
36
634
998
880
435
44
495
812
984
33
899
301
383
511
59
658
168
658
741
473
253
267
635
189
61
213
810
49
999
388
7
600
85
293
464
273
464
627
941
966
730
341
906
353
147
620
887
371
466
357
98
546
615
60
895
438
981
735
698
997
905
763
129
58
243
996
591
7
618
14
556
281
429
350
83
808
730
847
820
993
447
782
373
10
348
749
254
791
224
408
202
78
431
845
391
295
924
785
50
261
970
300
573
627
631
627
700
277
935
788
22
316
385
36
661
510
33
535
167
391
3
77
133
186
621
174
74
36
885
640
871
656
924
852
991
599
939
110
484
962
383
240
628
847
41
919
645
268
887
179
277
833
810
715
141
929
251
97
342
320
872
917
109
829
441
63
400
760
237
5
443
691
810
694
329
185
809
121
839
570
923
46
615
935
669
602
424
640
92
454
676
896
959
54
76
839
99
400
730
627
338
155
301
482
960
410
607
237
256
667
993
369
134
948
219
165
172
131
719
124
47
590
671
360
111
252
140
1000
360
246
265
808
599
103
213
815
601
201
930
345
901
487
894
86
647
419
375
659
431
924
901
113
815
421
550
228
568
760
39
251
769
412
291
331
50
318
82
187
494
45
631
978
691
287
417
746
72
120
565
239
958
330
213
386
585
536
84
225
867
81
445
472
882
771
480
182
458
388
353
53
508
283
839
782
737
663
393
166
136
74
479
909
689
730
783
792
1
286
743
906
293
24
973
44
976
379
465
782
128
222
316
933
22
19
294
621
757
383
976
798
878
294
914
45
219
99
115
537
243
104
759
97
687
798
85
193
885
170
627
500
294
991
419
709
541
900
195
938
116
272
329
766
34
452
927
733
917
926
457
560
77
490
703
959
461
439
250
833
469
563
96
57
535
769
535
459
572
925
91
137
696
224
466
544
719
174
211
65
608
493
490
686
323
987
565
608
289
38
922
280
328
69
124
26
27
233
665
915
147
894
780
217
841
119
705
888
478
592
848
706
850
556
292
329
859
856
976
359
549
642
128
578
868
869
506
243
953
416
50
562
452
728
261
953
244
40
952
966
509
66
159
997
396
393
520
157
110
749
516
437
236
779
442
865
942
457
517
877
981
764
861
276
235
370
133
146
779
744
775
691
890
224
773
144
525
671
793
924
376
342
981
171
336
58
897
458
231
253
96
498
456
38
924
629
161
173
770
625
296
263
352
851
963
458
378
348
852
369
709
626
700
258
788
507
643
555
380
686
777
755
277
608
237
597
940
263
54
532
678
144
69
975
114
242
92
66
170
610
429
915
808
492
268
652
428
407
302
168
550
889
160
625
493
984
568
297
386
547
308
701
731
615
657
260
84
269
26
400
591
70
57
992
108
484
871
833
633
494
486
497
473
93
574
253
399
439
975
508
250
191
300
831
861
826
492
516
219
93
441
229
862
66
315
709
370
454
676
777
420
990
715
525
970
904
138
537
554
679
295
242
747
494
903
453
821
107
384
552
868
198
178
875
568
729
114
953
342
93
152
91
942
808
767
80
836
341
949
79
148
314
49
715
849
259
431
58
941
446
235
820
57
482
343
217
467
485
16
327
997
232
247
400
147
813
168
66
266
497
79
419
301
694
683
856
550
983
439
663
542
760
727
995
899
963
443
168
693
611
300
456
448
606
139
626
121
664
44
233
840
73
664
903
310
973
661
652
914
51
762
761
527
290
206
333
388
322
50
566
304
555
22
276
682
854
164
93
601
151
199
784
130
135
813
28
323
861
920
437
612
327
923
271
170
91
364
668
648
611
61
916
46
237
548
414
338
939
857
823
680
605
742
811
957
264
957
609
851
928
181
256
468
164
92
647
30
826
71
495
895
836
363
378
485
524
382
649
827
753
94
903
421
429
972
277
864
692
944
468
779
922
880
12
804
840
291
836
782
891
458
632
892
320
273
854
648
250
871
630
475
522
938
121
872
550
593
196
819
468
404
594
849
407
39
459
163
66
2
268
50
325
92
276
118
301
659
16
192
716
830
253
434
406
226
551
308
821
91
406
778
95
673
782
232
921
530
149
190
806
623
991
586
739
821
686
522
310
665
167
832
167
470
457
199
584
498
526
406
575
976
414
161
799
506
995
97
863
522
227
974
78
354
791
374
805
758
440
231
390
301
161
384
161
486
268
2
235
169
663
847
363
139
138
431
423
583
89
751
213
278
30
940
375
338
717
897
807
338
519
435
854
38
134
202
87
911
897
205
704
154
48
985
130
366
823
219
406
530
983
807
468
920
405
743
827
573
563
11
239
683
338
62
478
196
575
631
312
186
865
133
759
294
575
888
161
204
936
462
894
985
812
42
635
916
186
407
902
389
616
572
838
741
215
638
796
872
721
142
153
962
431
110
394
890
533
283
482
518
272
942
181
164
804
181
857
188
630
26
45
119
821
54
229
591
541
174
198
993
675
490
826
134
415
861
795
987
695
283
528
359
876
668
835
879
881
150
211
372
806
417
773
81
404
906
871
811
453
968
848
794
954
959
686
907
202
790
476
543
632
29
317
871
192
884
541
302
167
600
914
997
726
961
62
688
324
963
54
877
208
771
558
975
196
351
863
641
789
475
199
646
138
319
968
755
10
210
599
2
600
938
979
40
848
409
576
465
381
255
82
61
454
995
115
389
585
115
751
65
323
337
610
737
335
492
74
71
414
609
156
585
518
160
69
247
238
543
487
616
434
436
433
994
597
116
381
266
258
762
407
910
297
233
212
465
421
127
794
384
785
296
156
340
378
749
548
200
84
740
788
15
338
564
827
21
129
906
973
323
184
45
920
698
282
746
291
27
244
603
179
321
106
632
860
833
430
469
989
894
357
151
732
592
270
617
111
970
245
872
696
110
597
92
811
969
176
906
697
971
599
367
132
333
86
778
782
413
499
852
571
249
850
819
671
595
226
551
517
120
851
929
486
19
354
122
327
659
722
816
489
540
290
830
896
456
825
327
176
450
397
520
888
91
372
932
24
614
407
816
203
764
311
399
234
280
972
581
262
346
392
603
215
150
921
596
407
75
446
259
102
660
580
672
213
65
354
769
453
383
730
852
483
548
912
167
672
351
140
19
241
128
949
714
433
890
836
188
647
564
64
291
924
923
193
425
977
175
569
601
922
477
193
566
653
799
160
149
174
438
316
398
327
961
214
320
419
931
904
215
565
448
768
576
775
856
92
586
770
968
259
996
39
161
372
690
248
722
874
677
36
583
755
979
592
579
638
79
428
279
774
603
716
885
103
631
60
727
982
791
496
117
996
515
749
727
934
405
266
562
553
799
238
775
14
88
330
982
885
29
384
810
39
29
408
334
569
390
61
921
235
19
485
456
937
849
78
37
552
365
120
648
9
298
145
592
327
439
644
352
485
546
488
533
697
951
471
644
927
653
727
188
488
655
120
944
27
3
838
654
277
273
952
388
686
472
516
362
560
798
819
893
799
905
452
629
806
615
890
407
784
486
358
337
439
982
294
585
508
29
683
919
202
427
18
203
776
209
891
322
577
769
216
476
385
836
544
710
746
716
717
598
51
860
791
25
966
119
26
222
592
775
349
450
410
480
163
784
787
404
28
897
108
206
7
251
445
643
52
141
480
625
464
159
10
407
638
689
929
917
721
778
235
588
171
561
86
164
820
824
693
29
985
200
607
690
551
687
501
321
353
96
578
100
444
757
622
457
129
621
43
15
160
53
517
339
692
871
56
121
113
992
66
873
938
252
756
399
871
639
956
274
540
651
412
866
727
970
787
385
63
713
56
171
498
771
691
883
958
465
621
599
467
631
763
804
368
774
668
687
957
546
730
639
40
251
729
132
489
923
116
251
515
879
449
43
511
621
859
493
289
640
297
393
501
897
510
450
919
499
838
254
532
575
605
857
349
615
277
169
403
127
583
147
46
269
511
48
818
484
681
44
518
436
282
845
718
857
920
207
695
724
541
513
894
562
877
306
236
797
222
537
249
590
17
897
632
758
870
890
265
478
740
849
919
655
503
861
281
706
15
301
111
266
915
138
535
853
542
503
892
600
520
886
14
533
290
451
273
173
711
535
153
472
791
481
367
591
996
641
921
530
782
44
35
742
476
621
990
589
295
446
212
558
844
910
240
837
790
572
821
311
560
766
961
575
807
247
657
834
650
761
388
342
447
243
504
828
284
198
255
59
447
862
973
299
976
683
690
314
105
138
134
990
461
726
68
920
505
907
810
406
619
569
155
474
779
796
20
890
95
797
898
229
3
209
618
120
272
912
655
860
824
748
156
284
835
985
398
944
50
962
132
639
562
476
89
595
321
59
707
207
158
571
845
93
859
386
268
687
427
61
661
376
653
414
918
328
597
618
202
173
637
936
38
253
962
514
49
293
960
84
751
258
702
760
813
40
869
317
531
311
283
847
935
705
412
465
329
967
82
734
519
390
638
712
288
449
489
470
183
325
964
80
423
899
429
779
296
734
886
50
203
123
902
785
467
541
275
251
615
565
992
182
708
758
618
935
935
957
562
297
704
577
528
934
808
278
382
721
216
63
184
689
867
970
581
955
168
378
628
498
85
489
629
597
451
330
400
273
566
225
710
252
676
384
886
88
578
461
425
343
337
702
738
313
35
738
101
734
204
963
404
599
804
585
996
57
954
370
545
968
148
949
146
81
1
482
578
618
295
895
515
403
27
583
808
229
25
65
824
961
508
835
770
501
539
235
973
318
53
936
455
510
201
423
94
544
420
922
72
324
631
239
237
63
509
615
58
128
524
574
404
621
777
137
49
444
802
630
548
143
267
155
145
512
945
467
925
61
604
577
709
531
571
418
135
90
762
359
285
264
540
951
485
751
416
822
59
721
434
740
327
365
950
474
651
946
359
209
276
261
379
188
99
528
221
567
426
720
739
282
384
420
196
550
763
304
850
997
767
546
726
523
420
928
39
802
818
439
189
686
918
10
121
262
771
527
895
518
293
301
471
403
111
958
803
948
854
558
286
935
809
238
543
860
894
598
252
944
524
299
344
515
184
645
911
160
438
759
138
525
693
171
561
654
116
693
622
978
47
789
491
771
561
503
587
298
36
182
199
397
737
620
769
380
158
290
179
568
700
547
257
323
39
833
853
551
894
469
513
954
527
380
25
136
820
800
809
691
420
520
850
223
884
996
952
195
790
220
691
124
225
485
300
526
527
218
500
584
96
63
632
445
981
984
479
341
600
943
373
646
927
431
729
39
123
266
686
997
577
857
356
680
98
171
191
182
48
252
967
618
356
445
615
515
79
565
465
988
440
68
374
930
576
476
376
957
881
680
968
860
565
710
668
861
364
882
171
838
385
367
254
913
488
702
727
738
823
883
658
636
470
273
233
683
583
155
79
548
40
684
972
511
88
215
776
507
573
282
796
628
251
602
300
738
667
300
624
556
700
68
376
1
72
461
730
527
647
963
460
376
333
185
170
866
927
291
370
496
764
50
806
217
471
598
761
197
986
776
564
240
221
24
825
198
218
331
918
891
509
235
984
92
671
676
319
555
397
335
510
919
418
690
964
344
847
935
46
834
321
952
602
133
721
471
808
761
255
736
967
63
322
594
290
142
826
79
740
694
314
249
794
957
998
17
433
651
973
463
597
821
343
417
596
697
383
757
456
234
706
844
232
227
94
390
936
547
426
381
308
717
105
802
136
343
801
823
973
110
7
693
91
757
206
280
405
220
402
414
858
613
412
206
907
606
827
43
41
435
63
454
680
364
682
928
35
253
990
508
934
772
142
330
844
896
404
588
15
437
988
636
852
880
917
508
322
358
223
389
198
571
931
457
364
915
812
364
437
558
98
438
720
749
488
747
665
441
907
943
883
341
798
96
132
658
670
929
535
768
924
512
704
973
956
325
232
295
649
51
744
683
969
738
293
426
555
144
43
595
418
510
34
594
809
785
818
515
500
525
856
675
844
905
86
427
863
278
383
721
240
347
303
898
668
683
986
8
766
600
537
644
975
440
192
893
609
99
545
591
157
325
242
67
413
143
91
312
915
708
767
638
234
816
530
212
191
348
720
944
712
658
401
334
995
608
406
109
435
831
64
967
437
858
738
163
854
541
37
998
485
174
321
75
669
252
565
643
469
88
365
867
164
567
535
307
935
788
168
610
334
351
501
233
759
109
828
379
617
255
967
744
446
309
538
721
883
646
285
79
250
918
84
372
437
346
629
304
551
575
709
185
349
301
951
963
86
852
199
173
502
202
502
276
123
368
673
688
162
218
641
967
764
281
49
23
517
489
962
693
525
996
916
274
698
353
905
341
982
280
221
113
516
309
867
920
609
19
510
49
147
842
65
523
260
974
622
925
254
970
265
784
881
983
78
269
645
992
558
71
365
494
887
641
237
115
852
707
896
808
781
189
529
764
322
892
693
268
620
465
997
655
353
135
878
941
456
995
340
283
330
391
534
593
290
138
674
545
772
742
157
890
562
709
310
146
697
56
409
223
578
960
661
798
994
987
341
389
887
549
233
519
691
38
154
245
418
986
550
631
797
118
94
337
200
266
374
902
420
961
466
221
14
495
348
913
561
352
191
648
35
891
557
901
477
814
92
579
288
248
808
232
544
852
562
441
870
684
663
454
751
78
433
72
831
502
941
766
683
779
772
930
34
662
581
688
464
147
157
784
841
621
545
728
380
717
482
175
432
479
977
24
42
899
75
46
378
274
523
379
798
818
870
334
946
257
379
2
263
574
737
246
553
770
437
214
985
395
3
36
650
216
420
904
189
906
272
473
684
21
505
578
385
956
691
221
760
142
773
500
476
244
786
460
52
647
160
120
177
73
19
147
484
696
269
514
307
910
628
43
800
909
660
962
924
279
50
305
855
440
859
564
923
541
98
675
557
299
274
364
206
949
724
79
715
747
412
252
317
381
349
70
277
214
176
234
592
65
187
852
698
662
688
708
92
180
961
584
494
334
334
256
47
774
78
685
316
253
821
892
822
85
443
403
970
533
36
848
641
183
411
33
956
396
349
267
2
675
666
697
485
214
544
337
852
48
308
142
636
712
456
549
179
633
681
58
924
351
399
854
531
704
514
165
416
642
765
531
415
511
426
283
791
139
778
24
521
450
640
429
873
636
55
576
227
83
158
127
245
289
870
437
385
151
231
136
233
337
826
84
554
905
759
940
157
431
446
787
334
785
221
483
645
273
205
468
143
965
496
799
10
125
107
466
760
454
325
956
630
143
806
952
905
36
392
115
226
677
20
319
331
890
503
485
297
348
200
341
692
553
133
234
891
106
691
681
355
195
143
893
651
378
486
393
581
430
647
362
719
293
768
460
300
870
297
408
763
400
787
347
382
411
985
382
667
594
960
62
777
379
433
423
321
457
401
11
961
896
173
488
552
708
220
790
330
214
205
882
254
224
675
944
967
317
121
74
704
639
570
316
187
335
230
166
587
72
382
997
763
220
368
714
857
600
75
327
327
995
169
901
279
619
349
833
173
454
18
307
447
338
754
907
174
24
196
831
926
699
344
225
158
22
803
73
424
156
342
8
862
210
157
953
321
182
332
892
437
777
456
769
873
161
253
472
845
972
910
108
856
544
468
967
854
399
215
5
193
861
523
603
791
669
297
746
459
138
290
290
568
286
942
444
565
26
23
56
395
143
959
518
204
438
798
278
683
668
266
328
529
98
151
584
335
597
363
245
510
881
295
556
349
281
527
519
316
707
921
771
58
713
263
652
956
856
285
789
81
127
360
554
810
104
961
718
991
934
11
330
784
250
406
292
147
962
225
675
582
611
837
88
165
47
371
477
699
200
400
937
212
591
916
191
214
103
486
669
194
546
39
720
390
819
560
463
248
154
745
525
651
361
136
752
256
612
677
610
327
222
315
467
112
961
400
846
383
40
569
141
533
593
679
542
810
535
381
362
936
968
156
286
746
236
991
530
160
864
388
41
128
706
828
312
294
850
25
243
925
767
665
589
901
774
149
24
364
349
568
269
646
367
574
772
931
147
461
338
960
423
740
474
152
461
77
70
585
233
285
658
689
990
100
774
580
373
189
361
136
175
591
641
84
920
514
15
148
488
760
696
529
11
939
707
204
323
548
871
584
433
938
293
307
252
108
834
16
221
825
534
303
921
60
890
248
742
851
25
510
961
848
913
410
390
89
827
233
353
559
138
779
344
880
832
897
424
913
445
137
513
351
198
748
813
655
279
897
339
283
43
543
811
429
815
251
567
646
553
868
117
334
321
125
904
890
18
194
362
92
683
327
91
931
330
739
702
305
283
540
108
255
101
431
348
817
247
273
110
450
19
300
802
585
452
648
956
584
303
497
28
913
81
765
694
237
350
339
388
896
268
532
336
964
387
844
259
551
579
614
526
141
378
447
21
390
433
424
212
177
523
815
737
390
249
120
786
686
222
393
839
120
206
379
401
448
36
11
196
305
849
265
102
560
277
54
706
679
435
935
371
863
846
33
878
383
391
265
242
376
659
434
979
759
565
701
176
244
547
555
309
249
793
298
632
870
668
860
350
554
681
982
354
470
211
349
620
737
669
177
749
533
216
396
347
465
816
971
751
145
655
997
473
311
636
64
667
610
206
629
419
313
223
976
830
100
131
19
84
766
44
296
699
94
252
551
426
597
371
926
234
75
26
888
421
879
40
282
49
4
829
146
633
350
652
855
609
796
35
749
726
800
178
401
50
689
275
50
491
65
614
244
833
409
129
795
313
463
605
568
256
717
3
840
30
51
961
509
74
146
609
516
243
266
808
793
344
414
410
752
297
837
817
635
734
82
587
613
369
272
531
630
996
732
483
886
491
357
126
746
859
658
307
103
505
863
303
890
832
293
181
885
44
550
976
883
237
760
259
739
383
469
988
886
86
541
93
25
715
243
303
208
554
823
844
430
994
72
963
84
296
186
480
190
879
432
282
613
845
63
174
151
187
803
118
772
865
50
416
65
78
65
928
344
179
339
755
189
328
733
215
246
441
61
810
684
7
558
408
930
166
49
618
957
502
628
1000
258
729
113
854
280
37
750
164
293
910
306
839
81
879
693
408
199
746
365
457
981
444
223
271
708
168
545
749
591
350
1000
15
815
485
481
145
73
319
280
343
624
907
476
389
621
368
742
708
626
309
277
291
988
950
327
292
549
845
122
795
694
322
797
417
871
939
743
464
947
34
526
899
472
138
297
647
630
999
903
640
811
731
528
261
472
390
122
7
668
838
391
893
392
845
528
279
859
657
911
992
683
835
673
311
896
307
307
995
164
174
789
5
552
819
10
304
215
946
652
18
18
475
147
858
320
602
875
319
559
947
780
380
490
195
25
604
460
89
758
660
711
163
955
888
287
409
62
779
490
420
856
856
413
676
539
108
274
77
587
938
485
347
234
98
455
468
687
816
283
769
536
837
218
795
363
380
336
232
413
622
354
861
326
386
841
317
474
953
910
951
840
435
629
143
869
720
659
406
53
33
938
265
229
834
183
127
957
76
939
166
558
710
532
355
257
735
630
896
435
360
325
264
10
511
292
29
823
583
208
139
145
467
965
906
783
392
849
969
770
134
596
670
441
587
342
504
925
935
359
931
133
892
213
506
940
629
880
337
418
416
774
616
681
946
968
428
352
806
500
704
565
323
136
767
455
236
40
112
496
551
338
906
145
388
749
140
807
35
62
886
513
666
648
184
822
597
660
429
524
452
586
538
295
699
787
662
20
898
553
48
777
627
856
839
282
353
437
443
660
20
430
147
314
21
186
23
947
747
353
341
992
887
535
587
901
230
228
224
479
985
168
577
148
234
307
997
448
195
873
78
599
827
183
464
299
523
132
201
9
152
713
185
713
496
662
191
3
213
411
808
934
640
444
656
75
564
80
401
535
31
192
481
430
214
686
164
338
585
660
98
596
769
901
491
112
348
283
11
251
728
391
569
63
301
640
387
166
737
253
773
215
273
830
736
766
290
529
298
899
754
18
678
973
618
140
