382
654
658
304
970
860
138
36
616
122
952
154
474
466
442
654
42
82
460
744
142
986
236
18
472
526
352
604
88
968
344
524
692
572
242
860
538
516
428
532
4
220
30
602
162
44
50
700
174
692
264
242
96
350
130
96
230
26
644
602
368
270
888
292
370
416
386
52
144
316
634
616
938
250
104
248
998
46
202
700
798
846
968
24
450
378
154
778
846
118
376
960
956
770
292
196
496
706
670
432
450
26
166
678
598
640
540
698
474
770
28
972
584
468
132
800
838
778
698
736
136
878
86
46
490
668
344
948
236
814
604
510
296
742
36
108
78
244
242
690
806
918
972
946
550
560
132
182
282
148
30
340
78
138
220
388
610
940
36
22
346
216
874
420
138
504
962
898
462
1000
318
736
872
964
52
908
908
998
524
434
844
574
842
442
50
894
302
218
378
382
614
438
278
62
90
830
578
660
396
978
506
468
968
742
278
154
546
42
892
648
956
138
294
638
454
2
202
320
284
394
952
652
152
26
276
584
872
464
978
804
800
856
174
322
738
604
936
680
430
210
852
856
470
952
782
356
902
58
416
322
954
434
110
708
594
68
476
24
680
684
970
912
244
846
356
54
42
596
114
286
228
266
768
570
412
896
12
550
608
28
494
562
518
102
778
566
700
318
672
392
358
74
282
420
304
820
970
796
54
428
138
60
290
966
818
250
636
266
56
918
172
578
586
598
964
862
870
992
288
330
24
464
240
574
890
86
136
418
754
814
704
288
712
60
860
174
138
600
822
488
746
652
890
636
976
724
782
148
474
626
696
750
240
364
962
690
20
946
172
762
740
120
534
160
588
500
80
506
346
340
806
734
522
778
896
506
452
972
966
670
966
280
892
538
178
698
690
210
678
590
602
560
576
340
820
866
966
104
140
950
812
328
504
74
824
882
384
898
384
214
760
826
158
688
920
262
862
234
60
148
534
162
96
98
536
868
468
256
826
348
498
612
540
580
602
4
348
218
902
232
856
926
472
548
378
830
450
616
770
1000
398
724
60
20
278
156
504
244
760
272
822
646
682
210
282
234
352
692
30
150
734
338
342
438
16
146
844
876
108
940
842
716
860
952
542
304
592
252
538
978
280
512
554
928
506
394
284
950
926
14
468
792
692
482
8
778
404
24
478
636
702
320
832
690
168
296
848
190
648
654
900
858
912
400
932
34
640
444
554
972
186
174
714
564
304
630
134
566
830
8
104
778
928
762
142
154
358
222
830
512
978
894
916
186
384
28
358
198
572
216
438
980
808
224
184
76
594
672
42
510
264
26
50
482
842
448
850
334
880
476
266
680
300
420
118
446
372
160
86
630
76
862
640
16
114
960
124
626
38
642
52
346
238
522
300
282
168
744
476
524
426
984
24
950
914
418
148
894
24
368
160
478
40
514
654
488
90
542
804
676
78
924
8
270
374
298
984
878
712
978
198
464
320
284
850
12
94
568
688
314
584
484
918
444
370
190
230
250
64
168
350
398
890
300
932
970
120
682
890
844
740
314
496
692
926
798
932
218
746
18
184
162
122
406
692
440
980
552
684
120
996
312
90
880
830
344
182
952
110
756
996
486
408
520
616
352
478
174
512
698
10
528
960
140
746
126
570
16
842
76
910
800
674
532
782
700
800
168
970
416
632
276
456
790
290
954
308
450
456
764
188
596
464
830
610
550
888
704
218
654
750
360
170
916
454
762
14
54
120
202
922
984
910
520
884
344
676
672
370
988
496
744
904
316
28
220
878
78
178
114
590
60
534
760
202
168
190
444
464
216
964
982
972
368
924
344
224
230
898
452
78
388
316
776
434
372
514
834
940
930
160
764
986
754
532
388
126
684
680
402
158
828
502
378
812
728
168
772
318
636
902
840
572
644
718
604
40
964
824
998
806
364
466
892
670
746
374
826
120
432
342
948
800
992
330
464
200
312
312
830
186
154
560
634
54
902
798
138
610
608
796
902
242
686
702
116
412
28
478
724
126
880
290
616
268
822
682
282
678
134
912
710
402
874
160
32
542
380
372
752
642
748
784
754
282
926
868
758
238
308
702
854
512
254
28
678
838
214
352
248
736
656
548
606
802
12
286
288
538
782
340
192
330
680
48
10
130
570
454
794
370
324
576
620
12
238
912
868
612
194
186
206
560
8
266
652
122
26
134
324
580
454
286
100
166
690
700
668
256
234
192
790
646
750
454
130
786
150
266
86
816
664
926
738
696
718
792
502
500
702
474
104
758
524
284
588
588
260
182
240
894
156
34
586
304
268
324
72
130
676
412
334
628
64
600
714
542
312
604
432
796
708
440
254
600
306
686
160
210
888
234
38
174
636
690
932
842
364
736
350
280
100
16
488
328
254
322
796
956
940
330
804
52
406
808
848
474
360
554
318
886
826
768
184
384
446
674
12
54
620
906
966
464
464
600
388
810
658
812
44
36
462
852
510
634
636
658
76
666
562
444
464
386
818
664
298
946
208
84
550
776
308
788
700
970
50
924
224
254
10
782
820
808
730
350
618
996
58
698
438
14
60
98
466
546
156
338
22
726
778
464
46
570
810
400
342
810
268
240
628
110
484
656
640
924
174
186
510
36
22
316
818
580
734
88
892
550
924
894
86
930
808
252
360
590
124
172
134
256
482
338
400
54
602
418
206
706
236
608
58
440
22
782
44
24
906
286
792
730
166
782
508
480
472
536
386
958
746
978
494
50
412
318
158
652
26
934
610
14
810
696
764
464
590
572
706
96
250
490
560
926
766
34
938
900
500
170
798
294
104
976
798
294
878
430
712
240
158
116
820
520
396
66
244
416
506
642
856
976
888
894
124
38
608
490
608
174
696
284
998
338
464
726
314
64
52
626
458
352
296
770
96
458
336
924
144
376
890
744
146
370
276
764
942
442
236
516
110
224
726
940
940
194
344
14
82
178
508
574
494
992
70
26
260
308
386
984
160
302
808
114
54
940
608
380
686
568
266
14
480
864
346
446
58
148
80
942
152
342
114
568
384
552
494
242
554
970
420
370
862
826
300
250
492
64
70
576
380
270
388
290
762
652
310
664
840
664
626
300
168
542
856
550
694
168
400
232
16
482
820
66
352
228
854
320
972
56
94
524
378
836
30
256
928
264
742
680
548
916
364
170
612
920
28
784
22
276
348
530
138
736
430
420
44
918
530
726
782
406
308
434
16
192
92
66
468
196
872
522
630
854
458
836
922
864
758
236
452
380
760
12
338
338
278
138
486
384
268
390
758
374
974
522
506
976
584
470
832
686
586
190
806
380
100
332
834
110
962
142
394
638
616
902
916
812
204
888
294
312
338
468
406
130
704
854
100
278
294
98
674
312
370
204
722
302
192
632
202
686
968
404
372
150
876
528
490
174
54
188
164
482
518
44
228
912
248
22
714
102
646
238
518
156
414
492
610
454
82
576
40
2
10
968
646
196
558
208
54
62
726
600
672
584
926
808
706
706
884
52
544
870
264
386
732
894
430
106
244
632
920
184
906
338
548
200
296
794
212
910
266
116
994
616
434
188
420
184
568
284
162
616
560
28
764
816
372
520
176
540
722
354
486
120
226
850
852
122
86
132
176
92
872
970
696
566
32
190
458
872
718
530
768
174
160
566
922
924
564
890
714
128
140
672
548
912
730
354
102
446
596
150
262
234
170
902
594
900
12
540
744
398
384
14
238
266
934
996
496
982
60
716
774
428
638
592
36
372
996
856
448
904
214
320
90
890
390
768
990
756
706
708
362
784
486
890
806
452
952
838
120
188
644
546
644
592
298
120
552
78
456
390
408
566
196
354
324
456
926
202
430
652
638
10
464
480
52
108
404
784
450
410
26
966
860
598
836
544
216
322
776
476
18
202
508
982
358
2
912
580
478
602
198
686
788
958
498
56
416
970
412
866
956
938
992
56
692
160
622
96
690
200
86
588
778
164
820
968
74
322
562
636
922
244
894
724
920
718
44
48
46
838
510
640
116
132
40
546
804
368
182
560
200
520
512
600
28
806
554
690
54
446
990
742
530
782
996
472
290
892
542
138
266
706
478
632
590
222
306
236
828
48
496
872
588
398
860
618
120
898
796
474
810
726
138
690
976
862
504
388
834
560
790
910
514
442
846
94
466
500
176
690
350
964
470
390
82
412
40
258
960
962
936
618
414
376
386
158
562
962
132
896
322
770
160
480
734
738
702
710
566
330
168
970
184
216
528
704
562
992
902
296
80
734
886
108
622
792
54
904
32
782
758
444
58
94
510
936
318
770
508
824
808
482
146
968
954
996
804
404
204
998
160
110
142
262
686
802
420
546
304
282
426
528
188
276
946
950
474
434
416
264
90
418
604
512
762
370
884
330
600
520
276
418
794
546
16
408
568
380
620
298
36
622
654
138
160
184
344
860
238
948
958
518
854
582
88
72
426
558
924
480
352
646
328
490
614
378
4
80
528
182
356
266
646
600
984
632
686
218
300
124
790
884
420
136
380
954
894
820
800
52
174
38
910
730
72
300
602
282
776
88
548
658
738
488
254
838
364
710
680
988
618
356
510
182
636
32
274
910
998
276
288
644
322
594
736
808
952
46
418
510
676
984
918
198
24
986
598
370
496
170
460
376
764
866
108
248
798
404
670
456
832
944
454
606
412
220
206
110
802
308
426
94
456
596
998
794
740
694
290
142
868
234
970
234
418
144
426
738
744
232
956
768
798
488
558
812
364
198
508
988
990
508
386
732
782
798
356
238
342
88
812
120
608
334
348
638
708
312
242
234
440
192
644
986
898
240
278
86
844
856
500
818
594
690
474
44
448
420
142
66
502
86
304
346
250
646
538
744
828
788
164
168
88
252
174
998
854
858
64
738
968
58
854
924
106
836
214
638
496
636
288
878
532
852
248
494
992
78
784
254
260
974
842
510
920
516
982
996
962
764
688
368
276
162
218
322
86
260
556
738
612
840
170
240
280
200
118
418
38
798
578
56
960
310
890
772
290
534
330
340
456
878
138
268
764
896
808
322
8
998
470
94
792
796
98
878
24
432
482
728
784
688
772
766
502
72
78
454
870
288
814
648
352
348
14
466
92
374
238
340
754
202
120
694
850
838
660
800
910
514
484
160
500
760
956
578
684
906
272
36
214
770
246
574
2
798
46
804
978
330
330
786
330
994
844
2
956
36
970
892
316
774
584
852
214
70
412
724
274
98
564
440
50
364
206
582
122
70
300
892
158
362
570
252
840
446
940
826
136
870
84
158
576
636
450
778
426
416
704
854
58
852
214
666
486
54
928
670
8
442
340
348
550
408
768
362
430
378
106
234
692
348
200
890
20
226
36
806
956
466
10
760
496
468
334
114
658
416
762
496
174
338
454
600
220
368
72
382
230
570
74
944
882
488
896
594
382
382
400
64
780
434
184
794
598
98
668
518
56
26
138
746
854
290
972
472
456
182
424
158
344
926
196
838
482
768
114
330
68
766
328
696
720
194
486
214
546
916
212
200
88
582
962
330
934
784
718
360
652
58
316
556
510
584
658
8
930
666
144
158
444
878
416
574
646
568
24
774
128
530
362
542
40
400
112
222
610
136
248
154
560
390
690
956
122
924
940
162
244
284
56
492
410
848
408
510
60
534
252
938
584
548
204
148
84
136
990
658
70
740
338
960
474
296
220
404
688
68
70
310
452
300
110
348
540
702
330
904
334
868
646
198
424
344
138
390
880
832
644
662
462
808
32
618
878
846
54
102
196
448
120
120
390
786
424
390
378
614
526
844
388
350
694
28
896
268
532
248
534
520
636
650
8
740
574
926
426
94
84
766
976
610
636
816
216
620
982
354
298
176
434
242
840
790
922
76
998
278
630
272
734
344
266
516
74
840
568
614
50
50
244
726
796
350
146
652
4
40
26
888
634
126
742
282
378
60
168
872
702
772
928
78
50
118
174
432
84
844
208
988
760
44
890
658
126
746
886
832
732
550
470
254
358
572
332
294
368
476
624
280
350
708
444
746
408
910
306
750
854
502
618
558
810
246
328
344
684
202
100
272
768
628
700
428
816
10
552
164
896
174
992
528
392
668
472
528
640
630
390
472
34
464
694
122
322
292
988
626
950
12
526
532
406
424
6
770
454
10
486
326
622
380
218
536
816
468
234
938
108
676
490
62
888
758
604
780
858
946
652
926
870
722
526
390
22
160
932
738
506
892
342
770
392
906
208
292
264
360
10
630
166
76
834
558
938
406
720
840
910
474
710
514
962
742
958
898
186
314
660
282
856
48
662
524
660
666
62
140
388
338
906
236
136
946
418
880
940
618
754
18
298
830
166
640
728
112
660
430
192
564
808
496
152
132
464
78
448
148
168
230
992
228
224
234
662
934
640
444
656
80
214
686
164
338
98
596
348
736
766
290
678
140
416
774
616
968
428
352
806
500
704
40
112
496
886
648
184
822
452
586
538
20
898
20
430
420
600
342
64
312
470
908
528
134
748
532
896
134
596
670
504
754
228
816
822
14
252
244
18
18
320
602
380
490
460
660
420
856
856
274
98
336
232
354
386
86
894
306
202
526
138
122
838
304
972
356
880
1000
232
900
408
930
166
628
1000
258
280
164
168
1000
742
708
906
222
80
828
580
484
58
976
886
86
554
430
994
72
296
186
480
190
282
772
416
330
956
32
576
178
800
178
256
30
146
808
414
410
752
82
996
196
212
924
338
184
580
180
592
552
376
244
632
870
668
860
350
554
470
396
64
206
830
100
44
296
252
234
858
128
710
366
818
962
644
840
336
964
212
686
222
206
36
560
706
814
572
58
536
972
352
814
896
738
748
890
18
194
362
92
108
450
802
648
956
584
88
382
728
12
878
162
962
636
206
426
152
100
774
580
920
514
488
760
696
108
834
16
890
248
742
122
268
482
208
274
752
256
612
846
810
936
968
156
286
746
236
160
864
388
706
828
312
294
850
364
772
688
796
990
296
956
856
554
810
104
250
406
292
400
636
628
100
342
338
898
268
960
22
156
342
8
862
210
332
892
910
108
856
544
468
290
568
286
942
444
204
438
798
278
266
328
960
712
598
908
624
650
74
960
62
552
708
220
790
330
214
254
224
704
316
166
714
18
754
24
700
780
662
746
304
112
762
890
454
630
952
392
486
460
300
870
414
832
48
588
500
620
246
544
48
308
142
636
712
456
924
514
642
24
640
554
252
686
176
234
592
698
662
688
708
92
180
494
334
334
256
78
822
848
396
184
756
640
230
348
378
274
818
870
334
946
650
216
420
904
142
476
244
786
460
52
120
696
628
962
924
330
900
128
464
16
902
420
248
808
232
544
852
562
684
930
34
662
464
380
42
778
714
642
644
952
846
892
620
674
742
562
146
994
154
986
550
94
266
226
898
696
880
336
20
916
274
698
280
622
970
558
988
970
24
490
200
610
334
446
918
84
372
852
202
502
60
212
464
50
880
668
8
766
600
816
530
212
720
944
712
658
406
736
44
516
522
414
908
178
934
772
142
330
844
896
404
588
636
852
880
322
358
364
98
438
720
96
132
658
670
924
512
704
510
34
752
108
972
232
356
38
664
556
890
618
750
826
314
234
706
844
232
390
936
136
280
402
414
858
206
680
364
682
928
468
222
880
990
624
764
50
806
776
564
240
218
92
690
964
344
834
602
320
66
306
858
958
440
68
374
930
576
476
376
968
860
668
882
702
636
470
40
684
972
796
628
300
738
624
556
700
68
376
410
378
540
538
562
658
970
988
520
850
996
952
220
526
500
584
96
680
98
48
252
620
786
96
668
192
592
286
894
598
252
944
524
438
116
978
182
158
290
700
74
418
122
256
162
540
822
740
720
384
420
196
550
850
726
928
818
918
10
736
412
234
260
314
414
1000
80
660
338
30
514
20
456
896
206
370
148
578
618
544
420
922
72
324
128
524
574
404
802
630
548
210
974
698
394
236
234
50
182
708
758
618
934
808
278
382
378
628
498
400
252
676
384
886
88
578
738
572
428
456
442
860
180
432
452
836
228
138
476
268
918
328
202
38
514
84
702
760
734
638
712
288
574
422
702
36
98
144
240
572
766
650
342
828
284
198
314
134
990
68
920
406
20
890
272
912
824
748
156
284
944
50
380
886
956
80
244
2
354
870
794
998
914
610
758
870
890
740
600
520
886
14
44
476
212
558
844
234
126
288
774
668
730
450
254
532
818
484
518
436
282
562
684
824
578
100
444
66
252
756
274
540
70
614
294
710
746
716
222
592
480
28
206
114
468
938
872
822
572
334
648
352
488
488
944
654
388
686
472
516
362
560
798
330
828
732
588
704
576
92
586
770
968
690
248
722
874
562
88
330
982
810
546
658
214
742
102
404
280
972
346
392
660
580
672
852
836
188
64
438
316
398
128
544
318
682
98
654
476
380
110
906
778
782
816
290
830
896
456
450
888
932
24
614
388
558
362
332
16
118
632
948
436
258
762
384
156
340
378
84
740
788
564
698
282
746
860
592
270
462
716
470
504
442
650
914
688
324
138
210
600
938
848
74
160
318
546
684
444
846
272
942
804
630
26
198
826
134
668
806
906
848
794
954
790
476
884
508
830
136
452
966
76
722
38
134
202
154
48
366
530
920
62
478
196
186
936
462
894
42
186
572
838
796
872
890
698
272
584
108
904
548
142
910
740
184
522
310
498
526
406
414
78
354
440
2
30
940
324
864
990
8
28
692
944
468
880
12
804
840
782
632
892
320
648
250
938
550
404
594
2
268
50
276
118
716
830
406
226
778
232
450
350
664
124
116
968
442
682
854
164
130
668
648
46
414
338
468
164
92
826
382
754
858
938
336
408
760
482
440
548
198
266
760
456
448
606
44
914
206
322
50
566
304
946
888
618
1000
924
24
704
762
516
66
454
676
990
904
138
868
198
178
808
836
314
98
384
744
720
844
846
522
116
884
630
532
678
144
242
92
66
170
610
492
268
652
428
168
550
568
84
400
108
484
486
346
492
938
846
974
816
342
58
498
456
38
924
378
348
852
700
258
788
60
490
902
434
760
20
592
954
224
466
544
686
922
280
328
26
780
478
592
848
706
850
556
292
128
578
868
50
562
452
728
40
952
966
562
412
88
570
928
976
992
500
8
774
294
914
116
272
452
590
916
182
718
82
72
120
330
84
882
182
458
388
136
74
976
128
222
316
246
592
316
182
510
616
96
76
234
622
424
640
92
454
676
896
76
730
960
410
948
140
1000
360
246
228
568
760
600
322
750
538
470
168
96
366
56
74
36
852
962
320
872
760
694
640
568
242
852
560
960
556
348
408
202
78
300
110
286
346
860
40
784
262
584
940
662
166
926
616
998
880
984
168
658
730
844
346
694
372
2
720
420
148
326
652
986
446
988
560
852
128
180
338
972
908
464
494
394
566
222
98
80
494
926
232
380
950
962
812
560
928
480
874
316
990
850
370
786
34
644
326
816
486
410
252
588
594
992
438
884
746
592
722
868
404
520
470
856
160
36
16
330
12
330
740
748
468
912
258
782
610
910
560
838
100
220
968
702
258
18
106
278
804
310
942
698
354
176
820
808
318
474
252
758
896
354
904
806
560
594
784
702
336
558
442
182
998
798
810
348
106
628
258
756
660
390
366
216
842
790
808
968
502
720
604
188
280
938
520
826
92
742
582
804
628
572
668
452
774
370
726
816
638
210
530
634
568
460
300
814
104
636
346
744
18
898
526
408
464
246
952
522
318
308
214
564
318
826
458
784
134
820
98
372
886
386
942
806
620
676
66
876
642
326
72
646
272
862
34
712
548
858
890
298
490
268
306
652
628
244
550
704
128
860
302
738
24
30
12
556
10
50
590
542
858
200
952
296
356
118
142
56
856
468
222
188
672
196
362
56
186
118
990
566
810
666
574
412
866
686
90
870
534
986
428
430
40
790
330
692
718
846
530
818
430
846
620
466
218
858
782
946
312
892
184
226
142
372
450
234
160
120
702
898
884
376
736
16
384
596
772
864
280
326
672
650
348
64
806
712
458
178
900
464
582
176
14
902
966
992
488
168
252
528
174
724
44
726
936
966
718
722
18
44
654
910
840
880
30
826
362
170
594
482
406
800
600
562
334
924
516
962
912
434
246
162
826
732
570
928
738
544
328
690
694
912
216
176
920
208
132
560
808
908
654
30
912
698
930
998
794
246
714
378
890
924
318
888
992
28
366
22
110
332
176
930
662
436
740
396
714
334
696
210
470
226
790
910
760
812
916
884
78
28
890
408
702
894
474
968
874
406
800
302
530
726
424
642
858
802
534
98
28
110
562
494
520
920
758
344
312
116
332
676
316
288
508
394
856
382
210
716
766
496
822
838
2
110
640
810
646
142
510
136
786
406
148
552
650
984
896
364
296
352
450
502
898
640
782
92
500
176
810
906
678
682
906
240
570
786
6
994
428
648
390
102
216
740
832
736
528
966
990
114
170
364
756
526
328
30
520
290
596
704
780
58
362
550
970
862
536
618
598
182
208
922
610
972
700
674
814
228
884
468
604
502
430
544
226
208
720
428
786
490
474
520
822
392
564
276
128
264
952
418
134
108
28
808
920
56
982
666
196
862
952
258
796
178
42
610
690
354
74
816
926
606
530
490
826
476
222
330
370
198
692
420
12
542
632
712
550
206
552
820
86
280
240
532
32
590
790
766
672
232
134
328
672
790
38
644
64
444
810
342
700
964
512
812
340
378
410
412
350
12
680
816
208
54
676
28
738
30
62
46
340
232
66
884
330
510
708
766
48
410
276
748
348
702
728
358
936
958
216
942
968
960
716
726
796
896
542
36
646
826
508
758
288
958
772
170
372
976
208
992
696
816
440
436
426
896
644
514
780
442
934
708
126
778
116
56
494
234
202
244
138
480
670
132
198
162
572
350
170
926
632
462
136
774
670
862
404
352
542
938
526
602
908
334
110
84
982
120
992
98
20
146
962
790
134
614
436
236
150
134
310
396
402
730
862
592
848
860
82
98
320
680
736
264
838
366
148
108
178
76
142
536
600
10
636
812
342
20
840
720
868
716
122
394
1000
976
624
726
466
256
666
552
386
186
658
564
520
610
832
890
158
48
312
726
36
302
792
912
566
776
178
508
230
138
552
548
