339
785
707
363
581
71
469
623
385
359
301
459
779
517
225
729
295
281
75
691
379
881
83
829
247
127
137
43
295
841
689
897
497
717
27
909
989
479
129
301
525
475
951
157
697
521
729
71
365
209
913
991
769
865
331
781
585
275
593
103
173
881
875
975
421
73
805
31
301
237
47
271
551
729
781
135
241
101
527
173
485
427
219
695
379
907
579
57
877
155
381
797
691
69
865
841
237
15
495
747
529
513
611
585
357
295
651
615
949
495
587
933
319
121
829
945
485
443
111
5
37
579
11
197
69
909
745
521
947
879
729
19
337
225
237
841
423
125
123
35
463
609
207
395
609
891
87
51
761
767
479
1
227
585
235
671
97
711
305
709
97
807
657
17
851
539
209
423
639
309
73
127
811
85
271
67
611
423
943
691
375
167
339
485
605
21
369
77
805
575
617
851
217
397
459
875
817
409
593
535
679
131
563
653
469
525
921
417
453
885
291
977
159
593
995
917
925
447
381
63
209
759
913
55
827
149
389
225
447
617
719
479
885
683
743
717
241
433
583
67
475
89
477
99
301
443
471
215
197
273
517
615
143
457
343
643
799
783
761
219
941
547
813
79
691
417
465
513
731
825
317
893
489
871
75
445
891
595
859
197
641
691
769
745
313
379
267
857
899
629
229
375
451
659
351
823
579
897
169
427
165
713
275
333
359
297
663
725
761
943
455
869
865
121
287
209
971
911
17
655
121
99
601
31
325
591
163
109
667
335
355
835
627
455
241
925
525
261
605
321
489
953
13
225
327
581
871
581
779
921
823
431
483
157
837
577
675
453
865
331
893
891
161
45
885
155
401
1
211
75
157
263
417
961
589
719
175
299
187
635
77
979
149
881
213
839
657
609
643
491
81
861
611
611
227
81
35
301
593
197
297
9
223
529
757
703
555
373
613
635
417
279
905
27
635
161
475
457
131
433
389
11
601
391
295
131
235
561
759
275
707
531
159
561
563
749
189
1
689
543
253
339
89
401
853
589
39
579
723
835
85
203
951
237
283
761
529
343
539
535
981
797
403
753
495
447
247
803
81
917
941
59
441
357
225
587
509
443
533
683
599
829
653
171
257
649
169
37
673
753
895
293
69
179
743
193
647
409
729
933
845
479
125
567
899
95
811
477
443
531
111
101
153
653
669
889
451
225
3
249
93
297
957
753
613
681
419
693
659
467
207
283
875
361
311
157
661
429
479
961
81
137
817
35
831
863
315
383
963
455
273
73
655
735
271
109
399
237
715
837
945
399
125
523
491
77
935
729
245
3
503
289
399
703
621
377
997
937
785
321
771
27
875
611
535
625
809
451
289
439
749
705
921
75
161
337
67
571
795
671
393
965
697
139
673
545
303
269
645
337
31
983
113
555
47
185
529
785
133
343
251
441
805
133
755
67
245
23
373
407
299
631
723
881
411
451
169
523
267
271
897
131
433
587
3
527
675
299
629
921
293
537
159
785
741
309
451
939
129
845
803
481
919
41
317
271
819
145
529
593
865
507
705
581
761
385
559
189
843
621
35
113
641
795
105
403
559
183
69
513
757
829
139
665
99
663
645
787
429
225
721
149
915
429
471
967
101
331
163
989
433
869
159
117
365
247
833
863
903
881
393
171
575
473
943
439
327
139
679
659
515
345
177
55
925
509
945
935
577
443
573
129
391
765
321
301
171
467
531
467
307
179
7
835
487
779
311
145
243
871
129
319
291
981
379
655
219
581
257
473
789
17
753
685
389
119
43
761
459
795
247
999
841
731
347
227
377
67
189
47
895
705
353
449
733
385
341
551
67
409
851
173
725
271
603
243
647
171
77
449
875
67
885
955
59
901
901
771
773
129
595
407
883
65
815
721
807
93
427
373
109
787
663
35
779
721
595
339
243
251
375
761
507
695
245
897
815
631
247
403
749
563
663
771
641
819
419
541
49
365
719
71
591
505
243
317
643
861
701
149
801
177
581
185
447
955
89
35
957
553
11
831
19
713
415
321
733
241
409
195
517
307
473
563
863
27
521
951
411
405
47
213
525
175
677
611
245
87
795
625
573
33
385
447
9
731
113
687
759
211
655
981
103
471
239
875
899
173
527
115
149
413
621
607
45
969
769
507
631
433
441
749
1
661
905
53
315
813
75
381
611
787
819
957
289
855
273
433
563
475
879
617
667
255
509
279
409
771
73
209
437
659
391
661
491
411
609
743
53
925
807
959
591
241
945
11
953
489
567
399
97
917
55
627
117
105
611
61
185
529
991
597
539
649
259
859
59
837
749
163
483
343
933
539
483
623
533
337
25
949
959
947
351
609
589
289
51
823
131
21
933
91
209
819
87
717
413
169
581
67
823
451
167
653
895
667
233
35
75
333
555
373
311
827
887
353
341
627
273
85
293
7
49
741
33
495
435
493
983
931
957
665
711
233
855
875
999
283
213
575
601
389
599
373
375
183
279
75
277
573
261
785
431
791
749
373
993
847
447
83
281
591
243
997
905
981
895
615
357
371
245
767
783
325
213
207
677
615
923
329
237
917
715
887
847
383
41
991
871
599
885
621
33
661
385
535
571
591
323
179
997
39
901
647
345
599
265
111
671
47
131
219
667
607
155
627
839
959
699
723
615
399
79
401
197
933
379
973
293
743
1
783
479
737
283
353
771
225
585
213
565
691
45
187
291
331
355
175
175
13
367
891
199
835
841
281
925
91
57
833
703
77
457
927
733
329
195
991
627
85
759
45
219
621
19
757
427
73
565
195
821
691
393
159
509
261
243
869
359
329
217
27
69
289
323
493
211
719
65
525
407
957
409
343
805
637
507
369
851
263
625
629
231
897
981
525
773
775
779
133
235
861
457
865
779
437
749
157
901
329
49
699
805
291
781
301
253
497
871
57
591
269
701
547
297
625
889
407
429
915
69
263
237
777
555
493
371
757
253
857
951
335
941
213
49
341
767
91
93
953
729
875
903
747
679
537
715
777
315
219
831
861
191
93
341
729
809
731
405
85
333
761
51
973
903
73
233
121
139
693
727
983
439
683
497
147
247
327
343
57
235
63
613
425
277
341
903
649
485
363
71
647
181
957
811
605
939
237
611
91
327
437
323
135
93
555
873
809
291
103
883
981
543
621
547
421
921
95
821
551
253
301
659
325
849
819
593
121
475
871
273
891
291
779
407
3
229
319
151
447
185
717
375
431
423
235
161
301
231
805
791
227
995
161
575
457
167
665
739
623
149
991
721
359
221
533
431
153
721
741
389
407
635
985
161
575
865
575
405
983
823
985
87
519
435
173
541
91
301
939
315
955
167
541
29
543
907
317
959
871
417
211
835
359
415
993
229
45
181
181
283
957
169
101
539
565
87
607
543
69
585
609
71
737
995
61
465
409
979
599
755
319
351
975
771
877
963
961
997
863
397
617
995
781
225
971
853
107
883
53
627
505
135
357
469
833
603
291
45
973
827
15
21
749
785
465
297
407
381
597
433
487
233
421
751
325
545
747
829
953
829
311
203
407
91
397
825
489
327
19
851
929
551
819
571
413
333
499
697
811
597
245
617
111
563
61
587
457
533
881
1
327
149
653
477
923
291
647
433
949
19
351
167
483
769
213
259
407
921
603
581
215
121
569
117
517
367
273
169
39
885
775
553
405
515
117
791
727
885
603
279
79
103
579
583
677
39
259
775
215
419
931
565
797
811
379
595
715
771
805
563
771
407
615
629
819
277
27
655
927
533
485
327
145
9
365
37
937
849
61
569
921
63
91
325
301
241
575
253
223
575
407
159
625
141
7
897
787
163
775
119
791
51
717
25
385
577
209
891
203
427
29
683
585
337
439
67
333
967
669
987
465
967
593
771
171
787
385
727
651
399
873
121
871
53
457
757
551
607
687
693
171
235
689
725
623
5
125
389
713
623
175
541
207
857
845
681
269
575
919
297
251
489
251
639
687
465
621
673
599
891
731
747
99
209
225
289
253
187
589
621
35
641
791
451
533
503
535
915
15
849
265
17
537
797
877
249
321
707
849
127
619
385
835
655
229
95
779
619
505
461
105
683
973
255
447
761
961
821
837
311
483
55
401
463
255
967
57
935
183
449
519
465
869
813
751
49
253
173
597
653
687
571
89
639
595
321
177
549
229
655
101
313
461
225
273
85
581
689
63
721
577
297
935
785
203
123
423
899
337
827
221
3
935
393
439
609
143
621
631
201
455
53
501
835
961
229
295
81
949
545
57
585
599
963
1
595
47
543
1
121
439
39
523
997
763
739
221
99
261
359
651
327
365
59
951
359
135
577
945
267
155
503
109
981
529
425
993
483
777
715
547
179
769
199
397
47
693
525
759
645
515
299
543
935
803
293
771
527
849
915
95
417
895
177
41
747
599
781
39
455
53
199
967
171
997
927
943
479
445
63
527
225
691
195
223
809
25
527
469
551
513
101
831
149
311
129
461
1
667
251
507
215
511
273
823
727
913
385
171
861
565
957
445
615
83
541
91
73
271
745
587
597
933
263
45
861
967
761
133
321
847
919
319
671
891
331
825
221
761
217
927
291
333
527
433
555
501
197
715
397
331
11
25
779
827
907
613
405
7
343
801
717
381
547
227
697
17
957
249
79
333
755
669
935
179
43
555
293
683
969
295
325
973
929
747
749
437
915
571
223
917
15
35
931
913
355
289
621
395
515
183
595
421
109
995
401
191
767
915
435
67
893
609
975
537
99
683
347
383
427
905
675
525
515
809
785
515
131
967
495
675
299
5
199
551
629
437
285
721
309
379
351
567
365
565
321
485
541
163
967
831
437
667
569
37
837
805
255
591
69
813
731
257
429
523
707
887
71
269
881
265
925
65
49
609
309
221
353
693
281
641
673
123
967
49
943
491
745
675
349
19
595
445
827
959
337
641
631
245
987
661
409
697
709
157
223
545
593
391
283
995
941
465
693
781
189
529
189
527
633
549
135
741
931
249
899
479
175
717
841
147
581
683
941
831
433
751
663
441
579
35
191
913
495
221
961
561
891
417
219
57
45
259
215
279
451
909
43
307
269
177
647
773
691
385
21
473
505
189
985
437
553
737
263
257
523
379
697
187
381
273
421
747
255
675
349
641
533
85
253
685
47
961
65
277
317
79
949
675
923
859
305
279
531
591
347
875
923
433
371
865
515
787
157
905
233
437
127
227
55
429
521
283
765
165
531
351
549
337
697
485
935
479
395
877
103
563
389
763
297
719
647
393
691
891
681
553
341
503
319
677
115
905
143
325
125
799
107
143
785
979
827
269
417
123
907
307
75
857
997
763
587
187
639
967
675
205
173
777
667
411
787
347
469
665
813
883
615
151
529
683
395
23
565
459
399
967
845
769
437
157
803
225
699
831
73
501
357
571
393
235
315
419
715
215
39
669
103
191
591
937
165
611
225
147
11
991
961
285
713
707
921
349
881
335
597
7
75
305
47
943
763
891
931
367
269
349
149
25
41
991
535
569
383
961
315
327
677
745
463
819
525
119
777
539
185
317
713
137
719
333
637
949
913
961
851
303
221
293
307
433
871
323
529
15
175
373
689
585
461
423
147
461
77
553
669
259
205
851
303
585
19
817
255
305
739
683
321
117
553
813
913
897
779
89
827
315
647
325
999
625
623
383
33
679
435
277
305
11
379
393
249
177
523
433
447
141
259
387
339
237
913
497
81
765
403
35
123
719
551
265
461
951
597
551
699
131
629
419
667
971
347
737
211
681
547
979
759
659
311
949
351
341
215
301
211
531
587
297
793
243
609
51
717
833
491
689
401
275
35
855
633
829
49
421
75
483
971
39
661
895
311
107
799
515
259
65
65
399
865
151
613
879
963
823
541
259
883
293
307
859
491
357
483
103
699
63
133
291
315
207
509
389
907
343
15
545
223
365
199
457
839
293
37
729
957
49
7
441
733
179
339
959
905
809
361
181
721
609
313
929
819
789
307
683
279
859
845
391
7
261
811
999
297
899
947
647
797
795
549
327
309
277
87
561
903
461
225
425
669
601
277
841
861
413
795
837
283
687
455
485
77
539
413
779
287
711
89
195
875
475
215
147
923
399
559
697
113
705
13
251
213
925
441
849
969
783
139
29
511
325
435
355
939
183
265
53
659
435
951
953
317
789
71
245
533
197
907
21
805
147
353
839
777
553
295
429
597
513
807
749
145
551
767
565
681
337
629
323
973
899
529
737
387
391
283
769
585
481
401
75
191
713
201
299
599
195
307
577
479
887
63
893
783
709
967
227
795
383
987
231
163
859
461
153
111
565
107
195
495
333
939
931
751
99
187
991
303
781
357
663
161
997
415
471
603
759
773
117
763
311
455
425
681
289
677
313
359
145
527
409
161
593
137
663
401
495
781
549
477
921
165
741
363
895
833
459
551
133
271
151
899
411
773
481
281
3
363
367
651
589
753
683
349
121
675
387
403
67
839
267
997
321
871
837
457
55
927
179
303
925
671
133
223
73
259
743
755
993
897
999
601
459
319
13
321
583
117
451
593
823
933
55
855
31
115
673
871
117
435
409
863
43
533
513
229
839
929
871
121
375
553
27
495
459
561
145
811
177
471
955
877
813
729
587
65
593
203
491
359
699
339
789
107
547
997
567
425
389
911
679
849
675
861
443
79
721
797
581
839
263
293
813
241
249
267
355
309
565
355
981
889
259
241
565
635
33
935
611
813
9
167
453
553
809
977
177
783
671
117
831
209
61
543
457
525
17
303
979
111
865
453
971
411
563
173
549
301
917
833
587
507
907
447
497
415
927
387
113
767
343
389
105
147
697
579
553
501
621
181
135
721
565
305
793
947
67
587
247
117
631
129
353
403
527
403
569
381
847
419
489
11
317
25
399
153
311
229
263
137
631
603
975
433
569
725
777
689
83
809
423
757
15
207
873
691
883
915
933
771
605
83
729
721
19
213
529
807
959
495
279
705
889
319
815
435
475
651
391
465
839
521
785
181
521
205
159
27
977
165
153
151
985
449
285
441
539
891
535
705
3
981
479
201
885
175
791
517
747
773
209
293
801
183
767
611
879
13
323
931
407
119
607
405
285
739
117
143
807
235
739
299
867
553
387
903
775
425
593
159
593
265
575
335
899
583
295
843
541
73
745
293
149
211
911
733
589
501
505
9
721
187
109
657
633
601
507
177
217
889
155
115
129
227
993
263
11
329
999
191
291
639
141
957
821
207
219
453
727
203
231
865
409
487
173
713
355
489
505
697
885
491
309
39
279
341
461
747
671
521
103
923
231
581
795
667
65
527
307
665
805
469
965
285
887
689
387
375
833
887
911
933
249
485
373
607
57
747
365
103
687
339
195
499
459
477
291
605
545
649
25
237
965
955
841
135
943
145
303
221
235
841
917
311
37
599
669
597
75
15
93
911
259
59
403
807
75
39
575
981
293
383
315
543
537
293
453
311
899
929
893
663
495
447
185
881
927
341
379
311
439
631
739
989
133
215
161
331
561
13
31
675
543
129
197
641
433
957
929
433
815
801
613
933
687
781
279
597
405
31
929
175
485
217
593
579
443
961
337
411
657
933
515
649
149
937
967
857
179
129
953
579
771
979
497
645
697
951
417
739
111
675
257
97
599
807
89
405
965
169
419
483
119
423
923
951
923
447
697
177
207
753
147
413
505
731
449
437
963
891
739
485
103
225
125
167
521
703
777
35
373
457
891
481
271
855
737
125
81
957
43
733
151
445
605
91
263
483
857
807
91
133
825
179
427
431
451
885
453
567
551
15
639
787
875
609
813
997
343
939
341
799
409
243
463
839
71
867
431
749
561
63
587
63
671
775
411
81
957
867
819
495
199
23
81
381
655
741
97
361
517
967
409
799
745
559
875
843
119
965
433
959
501
813
613
83
815
615
663
743
853
255
539
285
815
333
87
925
311
515
359
273
331
295
759
101
11
569
601
203
311
249
721
15
649
199
333
545
781
195
781
799
453
247
199
105
101
943
213
747
787
185
625
389
869
259
647
399
975
915
45
965
545
865
185
385
827
637
969
975
897
471
461
553
641
21
193
177
887
557
555
21
411
287
593
197
903
591
53
103
329
641
815
297
865
839
601
39
263
221
715
153
503
475
679
143
721
71
381
25
885
469
563
299
707
71
897
829
227
933
733
77
23
447
343
955
135
225
953
747
85
699
649
281
905
253
751
289
15
149
785
493
799
869
895
241
253
389
849
289
219
271
667
153
187
825
791
807
561
497
493
271
53
429
991
373
769
259
907
609
773
867
141
127
499
683
565
905
131
53
415
475
159
981
165
607
653
425
183
449
413
835
459
721
645
141
551
923
63
327
147
941
999
213
61
189
635
267
253
473
59
511
383
301
899
47
347
147
541
929
675
657
921
143
935
627
631
627
295
391
845
429
7
129
763
735
301
531
797
461
645
687
669
935
839
121
809
185
691
443
5
63
441
829
109
97
251
929
141
833
277
179
645
919
939
133
77
3
391
167
61
219
657
955
531
769
251
421
815
113
431
659
375
419
487
901
201
601
815
213
103
719
165
369
993
237
301
99
531
697
399
695
465
689
909
393
663
839
53
445
81
867
239
417
287
631
983
405
219
959
295
797
227
137
459
535
769
535
563
469
439
461
959
917
541
709
419
885
193
687
97
243
537
115
99
383
815
387
523
997
953
953
549
859
705
119
841
147
915
665
233
565
987
907
673
809
519
105
749
391
643
709
963
173
161
253
171
793
671
691
981
877
517
635
57
533
169
399
975
439
399
93
473
633
833
657
615
731
493
975
597
277
755
141
309
493
137
159
43
431
259
849
715
79
949
107
821
453
295
525
709
229
441
583
39
721
423
719
997
331
73
729
557
527
661
611
443
963
899
995
663
301
419
79
813
997
485
467
217
701
245
501
305
545
595
429
421
753
827
895
495
851
609
957
823
857
61
271
923
861
813
199
151
601
711
431
683
673
91
163
459
39
143
645
599
605
965
779
385
239
423
61
961
807
897
213
751
89
583
139
363
847
663
169
161
863
97
799
199
167
821
675
695
629
27
531
719
215
759
133
631
683
239
11
563
573
827
743
807
219
205
897
911
233
591
771
657
293
871
453
811
81
773
881
879
283
695
987
795
861
675
541
591
821
119
857
185
927
883
671
45
229
985
565
879
137
643
247
335
337
323
65
751
115
585
389
115
255
381
199
475
789
641
443
167
151
989
321
179
27
323
129
127
947
923
47
459
377
835
987
399
327
659
517
595
671
249
367
599
971
969
145
345
807
265
951
727
333
961
799
193
601
569
175
977
425
193
241
383
453
65
75
99
909
861
735
239
503
111
199
919
29
29
799
727
749
631
979
755
161
649
797
175
943
775
761
579
231
705
709
905
799
893
273
3
727
653
471
951
697
439
485
19
235
71
549
765
255
609
253
107
647
341
755
299
643
445
251
349
769
919
303
741
959
651
333
971
537
231
657
883
691
713
63
639
871
113
339
517
15
43
621
129
353
321
501
985
29
561
721
917
929
187
571
799
165
937
187
111
513
695
511
147
583
127
403
169
277
615
349
857
605
499
897
501
393
289
493
859
621
511
43
449
879
515
923
729
957
763
631
467
389
283
337
515
301
381
297
295
921
591
367
481
153
535
711
173
273
853
111
301
281
861
503
655
919
897
767
985
209
3
797
155
569
907
299
447
59
243
657
247
807
575
287
69
227
703
921
325
489
967
329
705
935
847
283
311
531
317
293
637
661
61
427
859
93
845
207
707
59
219
795
885
35
337
343
425
451
597
629
489
955
867
957
935
565
615
251
275
541
467
779
429
985
21
715
707
895
307
49
137
777
615
509
63
237
239
423
973
235
539
65
25
583
27
403
515
895
667
983
189
767
567
379
209
721
751
485
285
571
531
709
61
925
467
145
763
753
247
241
853
833
39
323
257
737
587
503
561
771
491
789
561
171
693
911
809
111
403
471
301
129
451
191
857
577
123
39
729
431
373
341
981
485
691
541
541
443
807
131
85
149
573
79
155
583
683
233
883
367
881
465
565
79
515
169
21
497
855
727
449
63
255
471
721
935
335
397
555
235
509
197
471
185
963
647
913
391
369
683
63
435
41
43
757
91
693
973
823
105
757
383
417
343
821
597
463
973
651
433
687
327
739
595
51
649
535
341
883
943
907
441
665
457
931
389
437
253
243
933
61
891
723
61
89
91
143
413
325
157
591
545
303
721
863
535
121
841
597
141
757
659
173
963
951
301
349
185
709
575
79
883
967
255
617
109
759
233
501
935
307
535
867
469
643
669
75
813
83
389
183
115
237
641
365
645
983
523
147
19
867
113
341
905
525
489
517
23
87
799
481
579
559
797
691
519
233
549
887
389
341
135
353
655
997
569
899
201
731
541
57
845
17
631
75
977
545
621
157
779
477
901
557
237
729
813
659
29
861
277
9
981
147
19
73
221
3
395
379
647
823
573
87
593
737
231
267
33
411
183
403
443
821
187
349
381
747
715
299
557
541
855
833
581
153
183
435
561
593
511
333
757
431
759
337
231
151
385
289
245
83
873
139
791
511
415
531
399
681
633
179
953
613
685
737
533
457
675
761
293
581
651
893
143
195
355
133
297
485
331
965
205
273
645
483
221
183
263
939
25
717
447
173
833
349
619
279
901
169
995
327
327
335
121
317
961
11
401
457
321
423
433
379
985
955
129
563
923
633
959
143
297
669
791
603
523
861
193
5
215
253
161
873
777
321
953
455
731
753
489
503
699
477
371
47
837
675
127
81
789
263
771
519
527
281
295
245
363
981
871
705
337
469
963
711
901
589
665
767
925
243
381
679
593
533
141
467
361
651
419
787
969
713
703
25
921
825
707
939
11
641
591
361
189
285
233
557
5
287
273
247
431
101
283
931
91
327
125
567
251
815
429
811
543
43
283
339
897
279
655
351
513
137
445
559
353
233
153
311
21
205
491
623
431
673
467
811
265
391
863
371
935
265
849
401
839
737
815
21
579
353
493
469
95
371
19
223
313
311
473
997
655
145
751
465
533
749
177
669
349
793
249
309
555
701
565
503
419
835
781
39
135
369
613
635
817
837
509
961
3
605
463
313
795
129
409
65
749
609
879
879
635
587
361
913
803
187
63
845
303
243
715
25
93
469
383
739
237
885
181
303
863
505
935
175
219
853
511
163
791
167
621
319
73
145
481
485
815
591
749
271
981
693
879
81
113
61
215
189
755
723
43
593
297
87
43
563
111
123
5
995
307
311
673
835
911
657
893
731
903
743
939
871
417
845
291
467
273
235
283
839
491
997
253
363
769
347
587
409
955
163
25
947
559
319
163
39
531
615
951
103
181
133
931
359
935
587
965
467
145
583
823
735
257
957
127
229
33
869
143
629
217
91
503
905
903
137
795
443
437
627
787
699
35
455
273
215
773
253
301
63
569
251
11
491
901
31
535
411
213
3
713
185
9
523
183
827
873
997
985
901
587
535
341
353
747
947
23
